      1.2019e+01       0.0000e+00       1.0000e+00       0.0000e+00       1.0000e+00       0.0000e+00       1.0000e+00
      2.8795e+00       0.0000e+00       1.0000e+00       0.0000e+00       1.0000e+00       0.0000e+00       1.0000e+00
      0.0000e+00       0.0000e+00       1.0000e+00       3.8889e-01      -3.5774e-02       1.3032e-01       1.0000e+00
      0.0000e+00       0.0000e+00       1.0000e+00       2.2647e-01       6.5685e-02       5.7885e-01       1.0000e+00
      0.0000e+00       0.0000e+00       1.0000e+00       5.2129e-01      -6.5250e-02       6.0345e-01       1.0000e+00
      1.1806e+02       0.0000e+00       1.0000e+00       0.0000e+00       1.0000e+00       0.0000e+00       1.0000e+00
      2.3257e+02       0.0000e+00       1.0000e+00       0.0000e+00       1.0000e+00       0.0000e+00       1.0000e+00
      3.2915e+02       0.0000e+00       1.0000e+00       0.0000e+00       1.0000e+00       0.0000e+00       1.0000e+00
     -9.9978e-01       1.9721e-01       1.0000e+00       0.0000e+00       1.0000e+00       0.0000e+00       1.0000e+00
      7.8055e-01       9.7800e-02       1.0000e+00       0.0000e+00       1.0000e+00       0.0000e+00       1.0000e+00
     -3.9685e+00       6.2207e-01       1.0000e+00       0.0000e+00       1.0000e+00       0.0000e+00       1.0000e+00
      2.4650e-01       0.0000e+00       0.0000e+00       3.3877e+00      -1.1119e+02       0.0000e+00      -2.0000e+00
      0.0000e+00       0.0000e+00       0.0000e+00       3.8554e+00      -5.0011e-03      -1.6155e+01       2.0000e+00
      0.0000e+00       0.0000e+00       0.0000e+00       1.2489e-02       2.1153e-01       0.0000e+00       1.0000e+00
      0.0000e+00       1.5835e+00       2.3901e-01       0.0000e+00       1.0000e+00       0.0000e+00       1.0000e+00
      0.0000e+00       1.4289e-01      -1.8038e-01       0.0000e+00       1.0000e+00       0.0000e+00       1.0000e+00
      2.6008e+00      -1.7286e+00       1.0000e+00       0.0000e+00       1.0000e+00       0.0000e+00       1.0000e+00
      1.5605e+01       0.0000e+00       1.0000e+00       0.0000e+00       1.0000e+00       0.0000e+00       1.0000e+00
      1.0401e+00       0.0000e+00       1.0000e+00       0.0000e+00       1.0000e+00       0.0000e+00       1.0000e+00
      2.1372e+00       0.0000e+00       1.0000e+00       0.0000e+00       1.0000e+00       0.0000e+00       1.0000e+00
      0.0000e+00       2.1219e+00       1.3406e-01       0.0000e+00       1.0000e+00       0.0000e+00       1.0000e+00
      0.0000e+00       0.0000e+00       1.0000e+00       3.1660e-01      -2.9511e-01       0.0000e+00       1.0000e+00
      6.9004e-01       0.0000e+00       1.0000e+00       0.0000e+00       1.0000e+00       0.0000e+00       1.0000e+00
      3.0996e-01       0.0000e+00       1.0000e+00       0.0000e+00       1.0000e+00       0.0000e+00       1.0000e+00
      6.0000e+00       0.0000e+00       1.0000e+00       0.0000e+00       1.0000e+00       0.0000e+00       1.0000e+00
      1.7400e+02       0.0000e+00       1.0000e+00       0.0000e+00       1.0000e+00       0.0000e+00       1.0000e+00
      1.0000e+01       0.0000e+00       1.0000e+00       0.0000e+00       1.0000e+00       0.0000e+00       1.0000e+00
      2.0000e+00       0.0000e+00       1.0000e+00       0.0000e+00       1.0000e+00       0.0000e+00       1.0000e+00
      5.7629e-01       0.0000e+00       1.0000e+00       0.0000e+00       1.0000e+00       0.0000e+00       1.0000e+00
      4.2371e-01       0.0000e+00       1.0000e+00       0.0000e+00       1.0000e+00       0.0000e+00       1.0000e+00
      4.2199e-01       0.0000e+00       1.0000e+00       0.0000e+00       1.0000e+00       0.0000e+00       1.0000e+00
     -6.2781e-01       0.0000e+00       1.0000e+00       0.0000e+00       1.0000e+00       0.0000e+00       1.0000e+00
      1.3593e-01       0.0000e+00       1.0000e+00       0.0000e+00       1.0000e+00       0.0000e+00       1.0000e+00
      1.2299e-01       0.0000e+00       1.0000e+00       0.0000e+00       1.0000e+00       0.0000e+00       1.0000e+00
      0.0000e+00       0.0000e+00       1.0000e+00       4.1160e-01       1.7353e-01      -2.1727e-01       2.0000e+00
      0.0000e+00       0.0000e+00       1.0000e+00       2.0825e+00       2.0457e-01       3.8047e-02       2.0000e+00
      7.0915e-01       0.0000e+00       1.0000e+00       0.0000e+00       1.0000e+00       0.0000e+00       1.0000e+00
      2.9085e-01       0.0000e+00       1.0000e+00       0.0000e+00       1.0000e+00       0.0000e+00       1.0000e+00
      7.9000e+01       0.0000e+00       1.0000e+00       0.0000e+00       1.0000e+00       0.0000e+00       1.0000e+00
      2.6100e+02       0.0000e+00       1.0000e+00       0.0000e+00       1.0000e+00       0.0000e+00       1.0000e+00
      4.0000e+00       0.0000e+00       1.0000e+00       0.0000e+00       1.0000e+00       0.0000e+00       1.0000e+00
      3.0000e+00       0.0000e+00       1.0000e+00       0.0000e+00       1.0000e+00       0.0000e+00       1.0000e+00
